Epoch, Tot Epochs, Iter, Tot Iters, loss, Elapsed time, training=1/validation=0
1, 10, 10, 311, 0.7099, 0:00:45.158150, 1
1, 10, 20, 311, 0.6542, 0:01:29.744817, 1
1, 10, 30, 311, 0.5961, 0:02:14.051422, 1
1, 10, 40, 311, 0.5530, 0:02:58.398320, 1
1, 10, 50, 311, 0.5414, 0:03:42.779039, 1
1, 10, 60, 311, 0.4919, 0:04:27.127574, 1
1, 10, 70, 311, 0.4676, 0:05:11.456717, 1
1, 10, 80, 311, 0.4378, 0:05:55.973309, 1
1, 10, 90, 311, 0.4122, 0:06:40.368641, 1
1, 10, 100, 311, 0.4000, 0:07:30.118387, 1
1, 10, 110, 311, 0.4095, 0:08:15.049797, 1
1, 10, 120, 311, 0.3590, 0:08:59.594309, 1
1, 10, 130, 311, 0.3447, 0:09:43.870524, 1
1, 10, 140, 311, 0.3171, 0:10:28.414483, 1
1, 10, 150, 311, 0.3139, 0:11:12.998980, 1
1, 10, 160, 311, 0.2963, 0:11:57.737573, 1
1, 10, 170, 311, 0.3014, 0:12:42.177472, 1
1, 10, 180, 311, 0.2587, 0:13:26.992072, 1
1, 10, 190, 311, 0.2659, 0:14:11.476443, 1
1, 10, 200, 311, 0.2717, 0:14:55.842979, 1
1, 10, 210, 311, 0.2445, 0:15:40.337815, 1
1, 10, 220, 311, 0.2408, 0:16:24.956872, 1
1, 10, 230, 311, 0.2445, 0:17:09.424043, 1
1, 10, 240, 311, 0.2418, 0:17:54.138696, 1
1, 10, 250, 311, 0.2146, 0:18:38.828074, 1
1, 10, 260, 311, 0.2433, 0:19:23.334112, 1
1, 10, 270, 311, 0.2220, 0:20:07.937457, 1
1, 10, 280, 311, 0.2080, 0:20:52.579258, 1
1, 10, 290, 311, 0.2248, 0:21:39.064742, 1
1, 10, 300, 311, 0.2018, 0:22:26.487612, 1
1, 10, 310, 311, 0.2143, 0:23:13.894380, 1
1, 10, 10, 311, 0.1452, 0:23:35.585409, 0
1, 10, 20, 311, 0.1279, 0:23:51.535965, 0
1, 10, 30, 311, 0.1378, 0:24:07.664965, 0
1, 10, 40, 311, 0.1326, 0:24:23.787309, 0
1, 10, 50, 311, 0.1344, 0:24:39.915560, 0
1, 10, 60, 311, 0.1397, 0:24:55.990081, 0
1, 10, 70, 311, 0.1330, 0:25:12.141418, 0
1, 10, 80, 311, 0.1433, 0:25:28.334687, 0
1, 10, 90, 311, 0.1339, 0:25:44.556153, 0
1, 10, 100, 311, 0.1458, 0:26:00.749521, 0
1, 10, 110, 311, 0.1275, 0:26:16.951385, 0
2, 10, 10, 311, 0.2190, 0:27:19.985818, 1
2, 10, 20, 311, 0.2071, 0:28:07.647717, 1
2, 10, 30, 311, 0.1882, 0:28:55.017162, 1
2, 10, 40, 311, 0.1822, 0:29:42.683457, 1
2, 10, 50, 311, 0.2044, 0:30:29.534993, 1
2, 10, 60, 311, 0.1864, 0:31:16.552472, 1
2, 10, 70, 311, 0.1729, 0:32:03.469813, 1
2, 10, 80, 311, 0.1820, 0:32:50.673316, 1
2, 10, 90, 311, 0.1679, 0:33:37.816134, 1
2, 10, 100, 311, 0.1811, 0:34:24.989603, 1
2, 10, 110, 311, 0.1695, 0:35:11.712713, 1
2, 10, 120, 311, 0.1806, 0:35:58.624581, 1
2, 10, 130, 311, 0.1885, 0:36:45.926844, 1
2, 10, 140, 311, 0.1795, 0:37:33.155441, 1
2, 10, 150, 311, 0.1774, 0:38:20.509321, 1
2, 10, 160, 311, 0.1551, 0:39:07.722089, 1
2, 10, 170, 311, 0.1448, 0:39:54.880260, 1
2, 10, 180, 311, 0.1681, 0:40:41.652480, 1
2, 10, 190, 311, 0.1624, 0:41:28.534812, 1
2, 10, 200, 311, 0.1767, 0:42:15.489648, 1
2, 10, 210, 311, 0.1679, 0:43:02.388817, 1
2, 10, 220, 311, 0.1593, 0:43:49.524930, 1
2, 10, 230, 311, 0.1697, 0:44:36.406818, 1
2, 10, 240, 311, 0.1701, 0:45:23.362566, 1
2, 10, 250, 311, 0.1601, 0:46:10.521347, 1
2, 10, 260, 311, 0.1885, 0:46:57.624566, 1
2, 10, 270, 311, 0.1858, 0:47:44.690754, 1
2, 10, 280, 311, 0.1733, 0:48:31.896603, 1
2, 10, 290, 311, 0.1606, 0:49:19.223942, 1
2, 10, 300, 311, 0.1601, 0:50:06.427592, 1
2, 10, 310, 311, 0.1772, 0:50:53.493058, 1
2, 10, 10, 311, 0.1177, 0:51:13.875556, 0
2, 10, 20, 311, 0.1310, 0:51:29.983831, 0
2, 10, 30, 311, 0.1458, 0:51:46.095163, 0
2, 10, 40, 311, 0.1396, 0:52:02.203695, 0
2, 10, 50, 311, 0.1164, 0:52:18.289311, 0
2, 10, 60, 311, 0.1273, 0:52:34.431052, 0
2, 10, 70, 311, 0.1222, 0:52:50.606051, 0
2, 10, 80, 311, 0.1347, 0:53:06.720871, 0
2, 10, 90, 311, 0.1183, 0:53:22.833092, 0
2, 10, 100, 311, 0.1179, 0:53:38.942653, 0
2, 10, 110, 311, 0.1392, 0:53:55.030630, 0
3, 10, 10, 311, 0.1645, 0:54:57.244591, 1
3, 10, 20, 311, 0.1765, 0:55:44.731821, 1
3, 10, 30, 311, 0.1564, 0:56:31.927550, 1
3, 10, 40, 311, 0.1573, 0:57:19.055480, 1
3, 10, 50, 311, 0.1739, 0:58:06.123459, 1
3, 10, 60, 311, 0.1433, 0:58:53.262961, 1
3, 10, 70, 311, 0.1498, 0:59:40.169273, 1
3, 10, 80, 311, 0.1467, 1:00:27.186908, 1
3, 10, 90, 311, 0.1678, 1:01:14.389985, 1
3, 10, 100, 311, 0.1737, 1:02:01.329396, 1
3, 10, 110, 311, 0.1649, 1:02:48.312875, 1
3, 10, 120, 311, 0.1509, 1:03:35.399861, 1
3, 10, 130, 311, 0.1600, 1:04:22.332558, 1
3, 10, 140, 311, 0.1389, 1:05:09.915501, 1
3, 10, 150, 311, 0.1504, 1:05:56.916122, 1
3, 10, 160, 311, 0.1579, 1:06:43.750517, 1
3, 10, 170, 311, 0.1650, 1:07:30.641498, 1
3, 10, 180, 311, 0.1447, 1:08:17.949598, 1
3, 10, 190, 311, 0.1439, 1:09:05.012356, 1
3, 10, 200, 311, 0.1355, 1:09:52.229683, 1
3, 10, 210, 311, 0.1531, 1:10:39.120107, 1
3, 10, 220, 311, 0.1589, 1:11:26.270495, 1
3, 10, 230, 311, 0.1383, 1:12:13.524321, 1
3, 10, 240, 311, 0.1503, 1:13:00.620039, 1
3, 10, 250, 311, 0.1667, 1:13:47.951310, 1
3, 10, 260, 311, 0.1673, 1:14:35.030172, 1
3, 10, 270, 311, 0.1576, 1:15:21.561365, 1
3, 10, 280, 311, 0.1494, 1:16:08.483941, 1
3, 10, 290, 311, 0.1575, 1:16:55.630034, 1
3, 10, 300, 311, 0.1682, 1:17:42.506705, 1
3, 10, 310, 311, 0.1804, 1:18:29.715003, 1
3, 10, 10, 311, 0.1406, 1:18:50.032800, 0
3, 10, 20, 311, 0.1210, 1:19:06.080646, 0
3, 10, 30, 311, 0.1377, 1:19:22.262467, 0
3, 10, 40, 311, 0.1178, 1:19:38.330475, 0
3, 10, 50, 311, 0.1116, 1:19:54.447120, 0
3, 10, 60, 311, 0.1224, 1:20:10.611987, 0
3, 10, 70, 311, 0.1297, 1:20:26.739928, 0
3, 10, 80, 311, 0.1257, 1:20:42.693468, 0
3, 10, 90, 311, 0.1222, 1:20:58.730582, 0
3, 10, 100, 311, 0.1140, 1:21:15.038279, 0
3, 10, 110, 311, 0.1406, 1:21:31.144899, 0
4, 10, 10, 311, 0.1486, 1:22:33.528072, 1
4, 10, 20, 311, 0.1622, 1:23:21.277117, 1
4, 10, 30, 311, 0.1459, 1:24:08.340896, 1
4, 10, 40, 311, 0.1684, 1:24:55.160952, 1
4, 10, 50, 311, 0.1442, 1:25:41.806363, 1
4, 10, 60, 311, 0.1296, 1:26:28.767043, 1
4, 10, 70, 311, 0.1263, 1:27:15.731359, 1
4, 10, 80, 311, 0.1492, 1:28:03.023055, 1
4, 10, 90, 311, 0.1787, 1:28:50.453579, 1
4, 10, 100, 311, 0.1429, 1:29:37.501313, 1
4, 10, 110, 311, 0.1558, 1:30:24.343352, 1
4, 10, 120, 311, 0.1562, 1:31:11.423953, 1
4, 10, 130, 311, 0.1708, 1:31:58.530987, 1
4, 10, 140, 311, 0.1458, 1:32:45.638742, 1
4, 10, 150, 311, 0.1647, 1:33:32.898209, 1
4, 10, 160, 311, 0.1529, 1:34:19.765708, 1
4, 10, 170, 311, 0.1603, 1:35:06.621163, 1
4, 10, 180, 311, 0.1517, 1:35:53.765228, 1
4, 10, 190, 311, 0.1525, 1:36:40.959004, 1
4, 10, 200, 311, 0.1621, 1:37:28.074133, 1
4, 10, 210, 311, 0.1425, 1:38:15.223837, 1
4, 10, 220, 311, 0.1482, 1:39:02.038683, 1
4, 10, 230, 311, 0.1420, 1:39:49.149004, 1
4, 10, 240, 311, 0.1374, 1:40:36.022293, 1
4, 10, 250, 311, 0.1697, 1:41:23.401641, 1
4, 10, 260, 311, 0.1638, 1:42:10.508871, 1
4, 10, 270, 311, 0.1600, 1:42:57.566911, 1
4, 10, 280, 311, 0.1362, 1:43:44.607492, 1
4, 10, 290, 311, 0.1475, 1:44:31.329995, 1
4, 10, 300, 311, 0.1614, 1:45:18.376507, 1
4, 10, 310, 311, 0.1402, 1:46:05.509410, 1
4, 10, 10, 311, 0.1140, 1:46:25.765066, 0
4, 10, 20, 311, 0.1222, 1:46:41.948093, 0
4, 10, 30, 311, 0.1208, 1:46:58.143117, 0
4, 10, 40, 311, 0.1341, 1:47:14.411372, 0
4, 10, 50, 311, 0.1522, 1:47:30.591003, 0
4, 10, 60, 311, 0.1128, 1:47:46.746741, 0
4, 10, 70, 311, 0.1186, 1:48:02.896245, 0
4, 10, 80, 311, 0.1296, 1:48:19.044077, 0
4, 10, 90, 311, 0.1198, 1:48:35.153800, 0
4, 10, 100, 311, 0.1415, 1:48:51.331855, 0
4, 10, 110, 311, 0.1375, 1:49:07.494261, 0
5, 10, 10, 311, 0.1488, 1:50:09.833530, 1
5, 10, 20, 311, 0.1541, 1:50:57.399682, 1
5, 10, 30, 311, 0.1549, 1:51:44.654914, 1
5, 10, 40, 311, 0.1536, 1:52:31.676266, 1
5, 10, 50, 311, 0.1494, 1:53:18.931712, 1
5, 10, 60, 311, 0.1499, 1:54:06.030364, 1
5, 10, 70, 311, 0.1441, 1:54:53.105052, 1
5, 10, 80, 311, 0.1238, 1:55:40.125054, 1
5, 10, 90, 311, 0.1316, 1:56:27.333656, 1
5, 10, 100, 311, 0.1394, 1:57:14.432345, 1
5, 10, 110, 311, 0.1187, 1:58:01.809574, 1
5, 10, 120, 311, 0.1532, 1:58:49.124830, 1
5, 10, 130, 311, 0.1512, 1:59:41.199075, 1
5, 10, 140, 311, 0.1429, 2:00:35.889894, 1
5, 10, 150, 311, 0.1414, 2:01:30.789785, 1
5, 10, 160, 311, 0.1470, 2:02:25.602896, 1
5, 10, 170, 311, 0.1499, 2:03:20.549320, 1
5, 10, 180, 311, 0.1355, 2:04:15.655011, 1
5, 10, 190, 311, 0.1396, 2:05:10.624834, 1
5, 10, 200, 311, 0.1454, 2:06:05.950703, 1
5, 10, 210, 311, 0.1601, 2:07:01.061120, 1
5, 10, 220, 311, 0.1453, 2:07:56.809742, 1
5, 10, 230, 311, 0.1561, 2:08:52.054691, 1
5, 10, 240, 311, 0.1473, 2:09:47.579098, 1
5, 10, 250, 311, 0.1273, 2:10:43.013474, 1
5, 10, 260, 311, 0.1606, 2:11:38.447192, 1
5, 10, 270, 311, 0.1549, 2:12:34.091165, 1
5, 10, 280, 311, 0.1528, 2:13:30.075807, 1
5, 10, 290, 311, 0.1514, 2:14:26.053071, 1
5, 10, 300, 311, 0.1542, 2:15:21.602561, 1
5, 10, 310, 311, 0.1431, 2:16:17.757181, 1
5, 10, 10, 311, 0.1267, 2:16:48.182060, 0
5, 10, 20, 311, 0.1210, 2:17:12.272731, 0
5, 10, 30, 311, 0.1131, 2:17:38.913369, 0
5, 10, 40, 311, 0.1380, 2:18:02.523585, 0
5, 10, 50, 311, 0.1275, 2:18:26.144731, 0
5, 10, 60, 311, 0.1388, 2:18:49.855224, 0
5, 10, 70, 311, 0.1256, 2:19:13.636249, 0
5, 10, 80, 311, 0.1279, 2:19:37.349032, 0
5, 10, 90, 311, 0.1188, 2:20:01.218141, 0
5, 10, 100, 311, 0.1229, 2:20:25.417250, 0
5, 10, 110, 311, 0.1407, 2:20:50.382735, 0
6, 10, 10, 311, 0.1451, 2:22:08.576010, 1
6, 10, 20, 311, 0.1556, 2:23:03.964024, 1
6, 10, 30, 311, 0.1413, 2:23:59.331811, 1
6, 10, 40, 311, 0.1176, 2:24:54.678050, 1
6, 10, 50, 311, 0.1497, 2:25:50.048563, 1
6, 10, 60, 311, 0.1684, 2:26:45.083811, 1
6, 10, 70, 311, 0.1502, 2:27:40.191990, 1
6, 10, 80, 311, 0.1507, 2:28:35.809612, 1
6, 10, 90, 311, 0.1549, 2:29:31.269603, 1
6, 10, 100, 311, 0.1620, 2:30:26.925289, 1
6, 10, 110, 311, 0.1360, 2:31:22.300818, 1
6, 10, 120, 311, 0.1478, 2:32:17.969072, 1
6, 10, 130, 311, 0.1644, 2:33:13.625991, 1
6, 10, 140, 311, 0.1379, 2:34:09.741871, 1
6, 10, 150, 311, 0.1264, 2:35:05.971039, 1
6, 10, 160, 311, 0.1390, 2:36:01.670067, 1
6, 10, 170, 311, 0.1486, 2:36:57.705280, 1
6, 10, 180, 311, 0.1403, 2:37:53.947665, 1
6, 10, 190, 311, 0.1651, 2:38:50.243574, 1
6, 10, 200, 311, 0.1495, 2:39:46.508568, 1
6, 10, 210, 311, 0.1648, 2:40:42.453636, 1
6, 10, 220, 311, 0.1585, 2:41:38.618648, 1
6, 10, 230, 311, 0.1868, 2:42:34.748700, 1
6, 10, 240, 311, 0.1226, 2:43:31.137396, 1
6, 10, 250, 311, 0.1456, 2:44:27.217442, 1
6, 10, 260, 311, 0.1411, 2:45:23.485095, 1
6, 10, 270, 311, 0.1544, 2:46:19.694474, 1
6, 10, 280, 311, 0.1379, 2:47:15.640684, 1
6, 10, 290, 311, 0.1412, 2:48:11.892658, 1
6, 10, 300, 311, 0.1372, 2:49:07.941835, 1
6, 10, 310, 311, 0.1511, 2:50:04.455551, 1
6, 10, 10, 311, 0.1153, 2:50:40.209049, 0
6, 10, 20, 311, 0.1281, 2:51:09.830236, 0
6, 10, 30, 311, 0.1185, 2:51:39.316889, 0
6, 10, 40, 311, 0.1230, 2:52:10.327179, 0
6, 10, 50, 311, 0.1211, 2:52:39.188251, 0
6, 10, 60, 311, 0.1108, 2:53:09.336178, 0
6, 10, 70, 311, 0.1004, 2:53:40.027793, 0
6, 10, 80, 311, 0.1306, 2:54:09.048236, 0
6, 10, 90, 311, 0.1181, 2:54:39.646215, 0
6, 10, 100, 311, 0.1333, 2:55:09.588545, 0
6, 10, 110, 311, 0.1339, 2:55:39.430593, 0
7, 10, 10, 311, 0.1544, 2:57:01.406914, 1
7, 10, 20, 311, 0.1455, 2:57:56.676533, 1
7, 10, 30, 311, 0.1172, 2:58:51.889738, 1
7, 10, 40, 311, 0.1489, 2:59:46.830451, 1
7, 10, 50, 311, 0.1462, 3:00:41.998790, 1
7, 10, 60, 311, 0.1280, 3:01:36.926735, 1
7, 10, 70, 311, 0.1069, 3:02:32.548251, 1
7, 10, 80, 311, 0.1459, 3:03:28.079087, 1
7, 10, 90, 311, 0.1460, 3:04:23.488552, 1
7, 10, 100, 311, 0.1417, 3:05:18.791701, 1
7, 10, 110, 311, 0.1482, 3:06:14.376232, 1
7, 10, 120, 311, 0.1520, 3:07:10.318530, 1
7, 10, 130, 311, 0.1660, 3:08:06.282089, 1
7, 10, 140, 311, 0.1367, 3:09:02.328932, 1
7, 10, 150, 311, 0.1251, 3:10:00.463778, 1
7, 10, 160, 311, 0.1306, 3:10:57.047445, 1
7, 10, 170, 311, 0.1053, 3:11:53.950430, 1
7, 10, 180, 311, 0.1505, 3:12:50.033657, 1
7, 10, 190, 311, 0.1287, 3:13:46.460817, 1
7, 10, 200, 311, 0.1598, 3:14:42.768817, 1
7, 10, 210, 311, 0.1562, 3:15:38.892512, 1
7, 10, 220, 311, 0.1498, 3:16:35.463866, 1
7, 10, 230, 311, 0.1339, 3:17:31.971662, 1
7, 10, 240, 311, 0.1419, 3:18:28.627220, 1
7, 10, 250, 311, 0.1379, 3:19:24.920651, 1
7, 10, 260, 311, 0.1634, 3:20:21.348759, 1
7, 10, 270, 311, 0.1383, 3:21:17.610068, 1
7, 10, 280, 311, 0.1296, 3:22:14.375108, 1
7, 10, 290, 311, 0.1262, 3:23:11.038940, 1
7, 10, 300, 311, 0.1383, 3:24:07.734559, 1
7, 10, 310, 311, 0.1364, 3:25:04.083440, 1
7, 10, 10, 311, 0.1183, 3:25:40.179751, 0
7, 10, 20, 311, 0.1094, 3:26:10.512401, 0
7, 10, 30, 311, 0.1359, 3:26:41.094753, 0
7, 10, 40, 311, 0.1358, 3:27:10.898659, 0
7, 10, 50, 311, 0.1310, 3:27:40.943076, 0
7, 10, 60, 311, 0.1309, 3:28:09.941696, 0
7, 10, 70, 311, 0.1290, 3:28:40.718396, 0
7, 10, 80, 311, 0.1150, 3:29:10.908943, 0
7, 10, 90, 311, 0.1192, 3:29:38.353059, 0
7, 10, 100, 311, 0.1203, 3:30:08.086006, 0
7, 10, 110, 311, 0.1226, 3:30:39.691038, 0
8, 10, 10, 311, 0.1376, 3:32:01.475804, 1
8, 10, 20, 311, 0.1289, 3:32:56.731295, 1
8, 10, 30, 311, 0.1432, 3:33:52.182107, 1
8, 10, 40, 311, 0.1434, 3:34:47.926894, 1
8, 10, 50, 311, 0.1387, 3:35:43.094675, 1
8, 10, 60, 311, 0.1402, 3:36:38.353976, 1
8, 10, 70, 311, 0.1313, 3:37:33.638701, 1
8, 10, 80, 311, 0.1499, 3:38:29.186880, 1
8, 10, 90, 311, 0.1250, 3:39:24.730754, 1
8, 10, 100, 311, 0.1335, 3:40:20.457610, 1
8, 10, 110, 311, 0.1479, 3:41:16.067775, 1
8, 10, 120, 311, 0.1317, 3:42:11.832269, 1
8, 10, 130, 311, 0.1335, 3:43:07.561434, 1
8, 10, 140, 311, 0.1457, 3:44:03.571947, 1
8, 10, 150, 311, 0.1353, 3:44:59.913686, 1
8, 10, 160, 311, 0.1323, 3:45:55.803102, 1
8, 10, 170, 311, 0.1474, 3:46:52.024572, 1
8, 10, 180, 311, 0.1282, 3:47:47.979140, 1
8, 10, 190, 311, 0.1209, 3:48:44.169938, 1
8, 10, 200, 311, 0.1217, 3:49:41.130700, 1
8, 10, 210, 311, 0.1170, 3:50:37.756467, 1
8, 10, 220, 311, 0.1367, 3:51:34.490856, 1
8, 10, 230, 311, 0.1457, 3:52:31.291161, 1
8, 10, 240, 311, 0.1352, 3:53:27.947183, 1
8, 10, 250, 311, 0.1622, 3:54:24.835279, 1
8, 10, 260, 311, 0.1337, 3:55:22.562699, 1
8, 10, 270, 311, 0.1352, 3:56:19.667982, 1
8, 10, 280, 311, 0.1449, 3:57:16.660874, 1
8, 10, 290, 311, 0.1548, 3:58:13.779896, 1
8, 10, 300, 311, 0.1326, 3:59:11.026274, 1
8, 10, 310, 311, 0.1299, 4:00:07.939036, 1
8, 10, 10, 311, 0.1264, 4:00:40.327279, 0
8, 10, 20, 311, 0.1318, 4:01:09.994821, 0
8, 10, 30, 311, 0.1143, 4:01:42.142669, 0
8, 10, 40, 311, 0.1363, 4:02:10.857978, 0
8, 10, 50, 311, 0.1045, 4:02:42.515218, 0
8, 10, 60, 311, 0.1204, 4:03:13.584992, 0
8, 10, 70, 311, 0.1001, 4:03:44.292264, 0
8, 10, 80, 311, 0.1302, 4:04:13.453453, 0
8, 10, 90, 311, 0.1266, 4:04:45.206967, 0
8, 10, 100, 311, 0.1337, 4:05:15.149403, 0
8, 10, 110, 311, 0.1207, 4:05:43.491719, 0
9, 10, 10, 311, 0.1338, 4:07:03.107991, 1
9, 10, 20, 311, 0.1543, 4:07:59.362634, 1
9, 10, 30, 311, 0.1313, 4:08:55.534604, 1
9, 10, 40, 311, 0.1428, 4:09:51.841658, 1
9, 10, 50, 311, 0.1288, 4:10:48.155790, 1
9, 10, 60, 311, 0.1370, 4:11:44.404318, 1
9, 10, 70, 311, 0.1570, 4:12:40.673975, 1
9, 10, 80, 311, 0.1383, 4:13:37.098209, 1
9, 10, 90, 311, 0.1376, 4:14:33.374299, 1
9, 10, 100, 311, 0.1453, 4:15:29.691077, 1
9, 10, 110, 311, 0.1257, 4:16:26.372951, 1
9, 10, 120, 311, 0.1389, 4:17:23.353297, 1
9, 10, 130, 311, 0.1693, 4:18:20.454380, 1
9, 10, 140, 311, 0.1280, 4:19:17.333146, 1
9, 10, 150, 311, 0.1647, 4:20:14.459367, 1
9, 10, 160, 311, 0.1345, 4:21:11.794174, 1
9, 10, 170, 311, 0.1490, 4:22:09.095639, 1
9, 10, 180, 311, 0.1344, 4:23:06.376939, 1
9, 10, 190, 311, 0.1337, 4:24:03.522910, 1
9, 10, 200, 311, 0.1343, 4:25:00.832862, 1
9, 10, 210, 311, 0.1265, 4:25:58.431980, 1
9, 10, 220, 311, 0.1465, 4:26:55.870016, 1
9, 10, 230, 311, 0.1327, 4:27:53.366096, 1
9, 10, 240, 311, 0.1228, 4:28:51.181688, 1
9, 10, 250, 311, 0.1354, 4:29:48.421832, 1
9, 10, 260, 311, 0.1194, 4:30:45.827323, 1
9, 10, 270, 311, 0.1509, 4:31:43.304199, 1
9, 10, 280, 311, 0.1150, 4:32:40.703506, 1
9, 10, 290, 311, 0.1468, 4:33:37.915876, 1
9, 10, 300, 311, 0.1367, 4:34:35.575862, 1
9, 10, 310, 311, 0.1223, 4:35:32.903413, 1
9, 10, 10, 311, 0.1288, 4:36:10.047125, 0
9, 10, 20, 311, 0.1200, 4:36:41.069423, 0
9, 10, 30, 311, 0.1249, 4:37:12.031667, 0
9, 10, 40, 311, 0.1180, 4:37:44.069217, 0
9, 10, 50, 311, 0.1207, 4:38:12.079349, 0
9, 10, 60, 311, 0.1342, 4:38:43.029166, 0
9, 10, 70, 311, 0.1140, 4:39:14.513554, 0
9, 10, 80, 311, 0.1450, 4:39:45.440581, 0
9, 10, 90, 311, 0.1206, 4:40:15.025143, 0
9, 10, 100, 311, 0.1171, 4:40:46.053076, 0
9, 10, 110, 311, 0.1207, 4:41:17.164481, 0
10, 10, 10, 311, 0.1337, 4:42:41.004533, 1
10, 10, 20, 311, 0.1451, 4:43:37.486692, 1
10, 10, 30, 311, 0.1480, 4:44:33.898297, 1
10, 10, 40, 311, 0.1323, 4:45:30.267025, 1
10, 10, 50, 311, 0.1429, 4:46:26.758565, 1
10, 10, 60, 311, 0.1328, 4:47:23.244886, 1
10, 10, 70, 311, 0.1476, 4:48:19.760645, 1
10, 10, 80, 311, 0.1246, 4:49:16.603688, 1
10, 10, 90, 311, 0.1363, 4:50:12.873124, 1
10, 10, 100, 311, 0.1448, 4:51:09.387216, 1
10, 10, 110, 311, 0.1381, 4:52:06.459165, 1
10, 10, 120, 311, 0.1211, 4:53:03.844035, 1
10, 10, 130, 311, 0.1249, 4:54:01.113497, 1
10, 10, 140, 311, 0.1312, 4:54:58.721253, 1
10, 10, 150, 311, 0.1245, 4:55:56.176096, 1
10, 10, 160, 311, 0.1312, 4:56:53.462561, 1
10, 10, 170, 311, 0.1357, 4:57:50.960927, 1
10, 10, 180, 311, 0.1170, 4:58:48.840767, 1
10, 10, 190, 311, 0.1387, 4:59:51.463817, 1
10, 10, 200, 311, 0.1159, 5:00:49.466100, 1
10, 10, 210, 311, 0.1343, 5:01:47.079068, 1
10, 10, 220, 311, 0.1205, 5:02:44.300948, 1
10, 10, 230, 311, 0.1439, 5:03:41.770768, 1
10, 10, 240, 311, 0.1227, 5:04:39.532285, 1
10, 10, 250, 311, 0.1182, 5:05:36.877438, 1
10, 10, 260, 311, 0.1313, 5:06:34.476923, 1
10, 10, 270, 311, 0.1193, 5:07:32.143265, 1
10, 10, 280, 311, 0.1597, 5:08:30.076004, 1
10, 10, 290, 311, 0.1096, 5:09:27.936847, 1
10, 10, 300, 311, 0.1358, 5:10:25.717193, 1
10, 10, 310, 311, 0.1244, 5:11:23.458612, 1
10, 10, 10, 311, 0.1250, 5:12:01.387350, 0
10, 10, 20, 311, 0.1227, 5:12:32.825676, 0
10, 10, 30, 311, 0.1242, 5:13:03.136027, 0
10, 10, 40, 311, 0.1369, 5:13:33.088480, 0
10, 10, 50, 311, 0.1300, 5:14:04.692453, 0
10, 10, 60, 311, 0.1482, 5:14:35.068809, 0
10, 10, 70, 311, 0.1249, 5:15:06.782625, 0
10, 10, 80, 311, 0.1409, 5:15:37.855334, 0
10, 10, 90, 311, 0.1366, 5:16:09.853601, 0
10, 10, 100, 311, 0.1293, 5:16:40.246085, 0
10, 10, 110, 311, 0.1240, 5:17:08.301635, 0
